   1         "t+aa"  139  2728.814209 3359.508301 1463.139282
   2         "t+ae"   99  2728.814209 3359.508301 3221.564697
   3         "t+ah"  492  2728.814209 3359.508301 3312.077393
   4            "b"  686  2462.791504 3759.827881 6397.715332
   5            "d"  179  1085.366821 2103.310303 2671.776123
   6            "f"  920  2269.288086 2510.987793 2038.545898
   7            "g"  148  1141.880737 1452.972290 1104.386353
   8            "k"  973  3632.106445 2388.098145 3653.671631
   9         "t+ax"  523  2728.814209 1255.404663 1596.565430
  10            "l"  652  2763.496582 2302.080322 1760.523682
  11            "m"   67  2160.951904 1496.667603 1531.488770
  12            "n"   60  1264.552856 2382.520752 1436.232788
  13            "p"  896  1727.998779 1350.313599 2816.040039
  14            "r"  888  1824.382324 2983.277100 4066.549072
  15            "s"  312  4231.216797 2591.444336 3493.317139
  16            "v"  354  819.149597 857.249695 1266.767944
  17            "w"  408  4449.919922 2371.153564 2660.111328
  18            "y"  421  888.979309 1063.175537 2216.643555
  19            "z"  420  1151.124512 2941.896729 1705.326904
  20       "f-uw+d"   20  2352.562500 1671.895142 581.447754
  21         "t+eh"   40  269.262604 3359.508301 1463.139282
  22      "en-t+iy"  106  1008.364380 3359.508301 3312.077393
  23         "t+ey"   38  269.262604 3359.508301 3312.077393
  24         "t+uw"   71  2728.814209 3359.508301 294.147308
  25      "ch-ih+f"    9  654.302246 493.808075 1497.949463
  26      "ch-ih+k"   54  654.302246 493.808075 2496.679443
  27      "ch-ih+l"  143  654.302246 493.808075 2351.364258
  28         "t-aa"  495  1675.872925 1153.794556 1286.370850
  29         "t-ax"  541  804.895935 957.600891 1643.780273
  30         "t-ay"   56  552.533813 1740.347168 1098.369995
  31      "m-aw+dh"  280  762.417053 1241.395142 3088.317383
  32         "t-en"   67  233.956116 150.215210 220.207214
  33         "t-er"  199  637.970276 1916.899414 3205.063965
  34         "t-ey"  260  2223.915527 2929.999023 2030.887207
  35         "t-iy"  297  1408.267456 1579.936646 5110.965820
  36       "d-eh+d"   97  703.912598 1459.473633 631.383179
  37       "d-eh+f"   28  703.912598 1459.473633 1795.357056
  38         "t-ow"   15  1673.889038 3242.830566 618.023376
  39      "sh-eh+l"    6  543.389465 1706.847534 631.383179
  40      "sh-eh+t"    4  543.389465 1706.847534 1795.357056
  41         "t-th"   95  834.632874 364.816437 327.767090
  42         "t-uw"   97  2646.993164 1671.895142 581.447754
  43     "ae-ch+ax"  257  714.325500 305.589874 518.293579
  44           "aa"    2  1675.872925 1153.794556 1286.370850
  45           "ae"  238  2395.442383 2903.999756 1255.445801
  46           "ah"    1  1502.805054 1417.348389 1259.352051
  47           "ao"  177  1099.293457 567.774780 1155.121704
  48           "ax"  516  1712.668823 2139.904297 2490.600830
  49           "ay"  422  6664.022461 1740.347168 1719.607788
  50           "dh" 1519  2902.997559 2389.916992 3756.538086
  51           "eh"  154  976.427490 1706.847534 1795.357056
  52           "el"    4   15.024368  18.022751  33.237030
  53           "er"  349  1464.439331 1916.899414 2507.185303
  54           "hh"  383  3305.558594 1713.203491 4028.162354
  55           "ih"  292  2701.112305 3955.677734 2351.364258
  56       "w-ow+k"  175  1673.889038 3242.830566 1391.346680
  57       "w-ow+n"  103  1673.889038 3242.830566 427.239227
  58       "w-ow+r"  345  1673.889038 3242.830566 1212.824219
  59           "iy"    1  1408.267456 1579.936646 5110.965820
  60           "jh"  233  586.278809 389.290649 586.703247
  61      "iy-d+ax"   46  1329.929565 855.506897 979.547791
  62      "eh-d+ih"  274  401.838654 670.118530 979.547791
  63           "ng"  130  264.297577 1750.234375 704.172485
  64           "ow"   38  1673.889038 3242.830566 1391.346680
  65           "oy"  105  233.855042 315.678711 569.730774
  66           "sh"  305  723.592224 925.928345 1239.656738
  67           "sp" 19924  26426.085938
  68           "uh"  187  584.850037 1011.983826 1309.971436
  69           "uw"    1  2309.562988 1671.895142 1075.170776
  70           "zh"    2    3.891261   3.891256   4.434859
  71      "sh-g+ax"   49  1005.216553 1452.972290 1104.386353
  72       "uh-k+d"  153  855.274780 412.622345 654.650452
  73       "b-er+d"  106  1464.439331 1114.736206 1133.607666
  74       "b-er+s"  142  1464.439331 1114.736206 3205.063965
  75         "aw-d"  573  919.170471 1538.056641 2671.776123
  76         "aw-n"  157  1264.552856 1317.635132 1300.286133
  77         "aw-s"  640  4231.216797 2229.376221 3493.317139
  78         "aw-t"  101  2728.814209 855.259827 835.899536
  79     "ay-ae+ng"  108  1445.007690 808.503845 1288.211426
  80      "ow-ax+m"  366  1712.668823 1361.652588 1649.033325
  81       "l-uh+g"   75  428.829834 228.109314 666.139038
  82       "uh-l+d"   55  1857.258911 2302.080322 2916.887451
  83      "jh-ih+k"  396  2701.112305 3955.677734 2496.679443
  84         "ax+b"  228  1712.668823 2139.904297 2490.600830
  85         "ax+g"   37  1712.668823 2139.904297 148.898026
  86         "ax-k"   60  855.274780 945.201965 3653.671631
  87         "ax-l"  407  2763.496582 1934.178467 2916.887451
  88         "ax-m"  237  1079.998291 1340.074707 1531.488770
  89         "ax-n"  494  2263.578613 5914.581055 4917.617676
  90         "ax-p"  179  1727.998779 847.024597 2816.040039
  91         "ax-r"   69  1824.382324 710.957458 4066.549072
  92       "g-ih+g"   56  2701.112305 3955.677734 457.067352
  93       "g-ih+n"  287  2701.112305 3955.677734 1752.962524
  94      "ax-m+aa"  126  1079.998291 1340.074707 3273.868408
  95       "g-ih+s"  132  2701.112305 3955.677734 1497.949463
  96      "eh-sh+n"  142  723.592224 925.928345 439.636993
  97       "uh-m+b"   19  1079.998291 1496.667603 3273.868408
  98      "uw-k+ah"   89  855.274780 2388.098145 3653.671631
  99      "dh-ax+r"   17  435.413513 1361.652588 732.967407
 100         "ay+d"  422  6664.022461 1740.347168 857.816833
 101         "ay+m"   73  6664.022461 1740.347168 1719.607788
 102         "ay-d"  108  919.170471 1538.056641 509.905609
 103         "ay-k"  348  3632.106445 945.201965 3653.671631
 104         "ay-l"   72  424.582825 1934.178467 2916.887451
 105         "ay-m"   71  695.691528 1340.074707 1531.488770
 106         "ay-n"  117  2367.067383 638.002197 876.987732
 107         "ay-t"   94  1032.662964 855.259827 1463.139282
 108         "ay-z"   49  1151.124512 1983.923096 409.459961
 109       "z-m+en"  753  2160.951904 1496.667603 3273.868408
 110       "uh-n+d"   30  2367.067383 5914.581055 2724.497559
 111       "uh-n+g"   52  2367.067383 5914.581055 4917.617676
 112      "k-ae+ch"   91  1445.007690 1307.215942 1442.967773
 113      "k-ae+ng"   16  787.956543 593.587830 1288.211426
 114       "l-w+ey"   31  673.957947 2371.153564 2660.111328
 115       "f-eh+d"  221  543.389465 1459.473633 2149.231445
 116       "f-eh+k"   24  543.389465 1459.473633 1795.357056
 117       "f-eh+n"   11  543.389465 1459.473633 1395.162109
 118       "y-ow+r"   69  1117.847412 3242.830566 249.853912
 119      "ch-ae+l"    2  787.956543 808.503845 656.914551
 120      "ch-ae+m"    6  787.956543 808.503845 1288.211426
 121      "ch-ae+t"   11  1445.007690 808.503845 656.914551
 122      "y-ah+ng"  306  1502.805054 1417.348389 1890.664307
 123       "r-n+ih"   63  2367.067383 935.785034 4917.617676
 124       "k-s+ay"  109  4231.216797 2229.376221 2219.254395
 125      "ow-l+eh"  136  735.165649 2302.080322 221.778854
 126       "m-b+aa"  415  2462.791504 3759.827881 2061.429688
 127       "k-s+iy"  657  4231.216797 2591.444336 2219.254395
 128       "m-b+er"  136  2462.791504 3759.827881 1629.684937
 129       "d-er+d"   81  637.970276 1916.899414 2507.185303
 130       "b-ey+b"  377  2223.915527 2929.999023 2446.270264
 131       "b-ey+r"   33  2223.915527 2929.999023 247.378479
 132       "n-uh+g"  106  428.829834 1011.983826 666.139038
 133      "r-ae+dh"   55  1445.007690 808.503845 2250.602051
 134      "ch-ah+r"   23  1258.573608 1417.348389 1259.352051
 135      "aa-t+ax"    4  1032.662964 855.259827 2574.448242
 136      "aa-t+eh"  305  1032.662964 956.294373 2574.448242
 137      "er-t+ax"    2  1032.662964 855.259827 1596.565430
 138      "r-ae+sh"   76  1445.007690 808.503845 1442.967773
 139      "er-t+en"   16  1032.662964 3359.508301 3312.077393
 140         "l-aa"  323  813.614380 1153.794556 1286.370850
 141         "l-ao"  107  1099.293457 567.774780 416.236176
 142         "l-ax"   60  1712.668823 1361.652588 732.967407
 143         "l-ay"  239  6664.022461 1740.347168 1098.369995
 144         "l-ow"  283  1673.889038 3242.830566 1921.804810
 145         "l-uw"   61  2646.993164 1671.895142 1075.170776
 146        "aa-ch"   17  714.325500 305.589874 107.986542
 147        "aa-dh"  152  607.717896 410.785828 885.257446
 148       "g-ae+n"  144  787.956543 593.587830 2645.854248
 149       "g-ae+p"  165  1445.007690 1307.215942 2250.602051
 150        "k-r+s"  448  2129.074463 2983.277100 4066.549072
 151      "ay-ow+l"  121  1117.847412 713.901428 249.853912
 152        "k-s+k"   21  4231.216797 2229.376221 996.361694
 153      "ch-iy+f"   12  471.628418 397.878845 5110.965820
 154      "ch-iy+z"    4  471.628418 397.878845 2310.427246
 155      "jh-ah+m"  169  745.175659 2244.797607 1259.352051
 156      "jh-ah+s"   66  745.175659 2244.797607 1890.664307
 157        "th+ih"   69  1019.758423 364.816437 327.767090
 158       "g-ah+n"   40  1502.805054 2244.797607 1890.664307
 159      "ih-s+ax"   52  701.928345 2229.376221 2219.254395
 160      "ih-s+ch"  217  701.928345 2229.376221 3493.317139
 161        "th+ow"    5  222.508896 364.816437 327.767090
 162       "f-er+m"  131  280.074341 1114.736206 834.734314
 163      "sh-ey+d"   47  256.923431 2929.999023 2446.270264
 164      "sh-ey+m"    7  256.923431 2929.999023 741.126282
 165      "sh-ey+r"   21  256.923431 2929.999023 1656.584839
 166       "p-uh+l"   26  253.822403 205.834930 1309.971436
 167       "p-uh+n"   31  253.822403 1011.983826 1309.971436
 168      "r-uw+th"  172  2309.562988 1671.895142 1075.170776
 169      "ch-ao+k"    2  1099.293457 567.774780 971.284424
 170        "th-iy"   18  471.628418 1579.936646 5110.965820
 171       "l-uw+n"   13  520.250122 1671.895142 1075.170776
 172      "l-eh+ah"  153  976.427490 921.662048 1795.357056
 173      "l-eh+ng"   42  976.427490 921.662048 1395.162109
 174      "iy-m+aa"   21  2160.951904 1340.074707 3273.868408
 175     "ih-ng+dh"  601  673.802856 1750.234375 3108.051270
 176        "n-d+f" 1057  1329.929565 2103.310303 2565.661133
 177      "jh-iy+r"   13  471.628418 397.878845 617.853516
 178       "g-iy+s"   10  1408.267456 397.878845 653.347351
 179         "d+aa"  245  1085.366821 2103.310303 2565.661133
 180         "d+aw"  139  1085.366821 2103.310303 1472.915894
 181       "v-n+ih"   18  698.002563 935.785034 4917.617676
 182      "ah-g+ax"  367  4243.054688 1452.972290 1104.386353
 183       "k-aa+m"  163  1675.872925 1153.794556 538.019836
 184       "g-ao+n"  201  1099.293457 410.024933 971.284424
 185      "aa-l+iy"  104  1857.258911 1934.178467 2916.887451
 186     "aw-ih+ng"  219  2701.112305 3955.677734 854.757568
 187      "aa-l+uw"   26  1857.258911 1934.178467 628.247192
 188       "f-ey+m"   30  2223.915527 2929.999023 741.126282
 189       "f-ey+r"  282  2223.915527 2929.999023 1656.584839
 190         "d-iy"   64  1408.267456 1579.936646 1989.491943
 191      "ae-t+ax"    1  918.250977 855.259827 1596.565430
 192      "ae-t+en"   21  918.250977 398.885681 3312.077393
 193       "m-ih+d"  177  1263.047974 1537.269165 1752.962524
 194       "m-ih+k"  213  1263.047974 1537.269165 2496.679443
 195       "m-ih+s"  175  1263.047974 1537.269165 1497.949463
 196       "n-uw+n"   74  1277.976929 1671.895142 1075.170776
 197      "jh-t+ax"   10  2728.814209 855.259827 1596.565430
 198         "sh-t"  478  851.536194 3359.508301 3312.077393
 199     "ow-hh+ih"    7  3305.558594 1348.461304 343.990784
 200       "k-ae+b"  142  787.956543 1307.215942 2250.602051
 201       "k-ae+l"   16  787.956543 593.587830 2250.602051
 202       "l-eh+d"   14  976.427490 921.662048 2149.231445
 203       "m-aa+m"   62  813.614380 1153.794556 538.019836
 204       "k-ah+l"   24  402.186157 1417.348389 1890.664307
 205       "k-ah+r"   51  1258.573608 1417.348389 1890.664307
 206       "k-ah+t"    7  745.175659 1417.348389 1259.352051
 207       "p-uw+l"   30  2309.562988 1671.895142 581.447754
 208       "g-ax+d"  111  435.413513 1361.652588 1649.033325
 209       "aw-d+l"   85  919.170471 1538.056641 1472.915894
 210      "ay-r+ow"   76  1824.382324 2983.277100 1041.727905
 211        "jh-ey"   35  256.923431 2929.999023 951.197510
 212       "t-w+eh"  553  4274.654297 2371.153564 2660.111328
 213     "hh-ah+hh"   46  1502.805054 1417.348389 1259.352051
 214       "m-ae+n"   73  1445.007690 1307.215942 537.676880
 215       "k-iy+p"   19  1408.267456 397.878845 5110.965820
 216       "k-iy+z"    1  1408.267456 397.878845 2310.427246
 217      "ax-n+ah"   40  2263.578613 935.785034 4917.617676
 218      "aa-d+iy"  306  1085.366821 855.506897 1472.915894
 219      "er-d+ey"   20  919.170471 1538.056641 2565.661133
 220        "n-s+m"  207  4231.216797 2591.444336 996.361694
 221      "uw-l+er"   55  735.165649 2302.080322 628.247192
 222      "w-ih+ch"   32  450.863495 712.780273 2496.679443
 223      "w-ih+dh"  128  450.863495 712.780273 572.408325
 224      "w-ih+jh"   30  450.863495 712.780273 1497.949463
 225      "w-ih+ng"   14  450.863495 712.780273 854.757568
 226        "n-t+s"  306  1008.364380 3359.508301 3221.564697
 227      "ae-l+ax"  278  2763.496582 2302.080322 2916.887451
 228       "m-ah+s"   23  1502.805054 1417.348389 374.349274
 229      "ah-ng+g"   76  264.297577 337.888275 704.172485
 230      "p-iy+ae"   71  947.498535 1335.942871 2310.427246
 231      "p-iy+ch"  341  947.498535 1335.942871 5110.965820
 232      "eh-v+er"  171  819.149597 857.249695 659.160400
 233     "iy-iy+aa"    2  947.498535 1579.936646 2310.427246
 234      "ow-m+eh"  235  2160.951904 1496.667603 992.636475
 235     "hh-ay+ih"    9  179.214142 1740.347168 1719.607788
 236     "ah-th+ih"   47  129.484528 364.816437 327.767090
 237      "ah-p+el"  139  1727.998779 847.024597 1727.269653
 238       "p-eh+b"   18  976.427490 1459.473633 1795.357056
 239       "p-eh+l"   48  976.427490 1459.473633 2149.231445
 240       "p-eh+n"   22  976.427490 1459.473633 1275.850586
 241         "m-ay"  170  1156.344604 608.089600 1106.187378
 242      "th-ow+r"    5  1673.889038 3242.830566 158.329086
 243         "m-iy"   96  947.498535 1335.942871 1309.109497
 244       "k-aw+z"   88  418.172546 1241.395142 1867.919434
 245      "r-eh+ng"   31  976.427490 1706.847534 1395.162109
 246       "s-ih+g"    1  654.302246 493.808075 457.067352
 247       "m-t+ay"   12  1008.364380 3359.508301 1463.139282
 248       "k-ay+n"   22  337.862854 1740.347168 857.816833
 249      "ih-t+aa"    9  1441.907104 902.122192 1463.139282
 250      "k-ey+jh"   21  402.809296 2929.999023 2446.270264
 251      "ih-t+ax"   94  1441.907104 855.259827 1596.565430
 252      "ih-t+en"   46  1441.907104 902.122192 3312.077393
 253      "hh-ih+d"  241  642.460632 3955.677734 2351.364258
 254      "hh-ih+s"    1  642.460632 3955.677734 1497.949463
 255      "hh-ih+t"    7  642.460632 3955.677734 2496.679443
 256      "ih-t+uw"    9  1441.907104 902.122192 294.147308
 257      "uw-d+uh"   14  1085.366821 855.506897 2565.661133
 258       "r-eh+d"   88  976.427490 1706.847534 2149.231445
 259      "r-aw+ih"   71  762.417053 461.597931 1867.919434
 260       "s-k+ey"  226  3632.106445 2388.098145 1187.885864
 261      "eh-n+ax"   25  1731.482300 935.785034 3458.623047
 262      "eh-n+ch"  946  1731.482300 5914.581055 3458.623047
 263      "iy-n+aa"   23  698.002563 935.785034 3458.623047
 264      "iy-n+iy"    1  698.002563 2382.520752 3458.623047
 265       "p-er+r"    5  1464.439331 1114.736206 2507.185303
 266       "k-l+aa"  257  2763.496582 2302.080322 762.359253
 267       "m-aw+s"   44  762.417053 1241.395142 538.730835
 268      "hh-aa+k"  103  287.718567 1153.794556 1286.370850
 269       "m-ay+n"    6  604.828613 608.089600 1106.187378
 270       "s-ae+d"   13  1445.007690 602.193481 2250.602051
 271       "s-ae+n"   49  1445.007690 602.193481 1288.211426
 272       "s-ah+b"  187  434.359344 360.137238 505.735046
 273     "jh-ah+jh"   17  6073.640625 2244.797607 1259.352051
 274      "v-ih+jh"   49  1263.047974 1537.269165 2351.364258
 275      "v-ih+ng"  185  1263.047974 1537.269165 854.757568
 276     "er-dh+er"   32  2902.997559 2389.916992 885.257446
 277      "ih-l+ae"  418  1857.258911 1934.178467 1357.706909
 278       "w-ih+g"    1  450.863495 712.780273 457.067352
 279       "w-ih+l"  105  450.863495 712.780273 1752.962524
 280      "r-ao+ih"   72  129.143478 567.774780 416.236176
 281         "v-er"   94  637.970276 1114.736206 3205.063965
 282         "v-ey"  133  2223.915527 2929.999023 951.197510
 283         "v-iy"   28  471.628418 1335.942871 5110.965820
 284         "v-ow"   26  1673.889038  78.215141 1391.346680
 285       "v-eh+n"  133  703.912598 1459.473633 1395.162109
 286      "eh-f+er"  131  2269.288086 580.752197 2038.545898
 287       "s-iy+b"   28  471.628418 255.553253 2310.427246
 288       "s-iy+k"   76  471.628418 255.553253 5110.965820
 289      "sh-ow+d"   22  1117.847412  78.215141 1391.346680
 290      "sh-ow+n"    3  1117.847412  78.215141 427.239227
 291      "sh-ow+r"   12  1117.847412  78.215141 1212.824219
 292      "hh-iy+d"    5  781.706299 882.137085 2310.427246
 293      "hh-iy+p"    3  781.706299 882.137085 5110.965820
 294      "hh-iy+r"   24  781.706299 882.137085 617.853516
 295      "v-iy+ah"   28  471.628418 1335.942871 2310.427246
 296       "s-ao+f"   50  1099.293457 567.774780 311.414673
 297       "t-er+d"   31  637.970276 1916.899414 216.338623
 298     "ih-dh+aw"  141  393.104492 410.785828 885.257446
 299       "s-t+aa"   70  851.536194 3359.508301 1463.139282
 300       "s-t+ax"    3  851.536194 855.259827 1596.565430
 301      "iy-w+ah"   22  673.957947 2371.153564 751.813599
 302      "ow-n+iy"    4  698.002563 2382.520752 4917.617676
 303        "ch-uw"   56  2309.562988 163.984680 581.447754
 304      "ow-n+uw"   32  554.639648 2382.520752 1300.286133
 305         "n+aa"  296  698.002563 935.785034 1436.232788
 306         "n+ao"  149  554.639648 2382.520752 1436.232788
 307      "ih-d+ax"  135  1329.929565 670.118530 2671.776123
 308         "n+iy"   48  698.002563 2382.520752 1436.232788
 309      "ao-l+ax"  258  892.165710 2302.080322 2916.887451
 310         "n+oy"    5  554.639648 935.785034 1436.232788
 311       "w-ah+m"  455  1070.142822 565.932434 933.007690
 312       "v-er+d"    6  637.970276 1114.736206 1133.607666
 313       "s-aw+n"   22  418.172546 1241.395142 3088.317383
 314         "n-iy"  101  1408.267456 1579.936646 1309.109497
 315      "hh-aw+s"   34  418.172546 1241.395142 800.522400
 316       "s-ay+d"   58   92.520851 1740.347168 170.792404
 317       "s-ay+n"    1  6664.022461 1740.347168 170.792404
 318       "b-r+ao"   34  2129.074463 2983.277100 2477.692627
 319       "b-r+ow"   25  2129.074463 2983.277100 1041.727905
 320      "ax-g+ey"   21  322.805542 1452.972290 1104.386353
 321      "ax-g+ow"    4  1141.880737 1452.972290 309.616058
 322     "ax-hh+ay"  146  3305.558594 1713.203491 1403.228149
 323     "ax-hh+eh"  221  3305.558594 1713.203491 2087.175537
 324       "ow-d+z"   23  919.170471 855.506897 1472.915894
 325      "n-iy+ih"  143  1408.267456 1579.936646 2310.427246
 326       "k-m+ae"    8  166.416855 1496.667603 3273.868408
 327      "uh-k+uw"    1  855.274780 412.622345 3653.671631
 328      "l-ay+ax"   17  696.968933 1740.347168 1098.369995
 329       "d-r+ao"   38  1824.382324 2983.277100 2477.692627
 330      "l-ay+ih"   12  179.214142 1740.347168 1098.369995
 331       "y-iy+r"   20  1408.267456 882.137085 617.853516
 332      "aa-n+ah"  181  2367.067383 1213.265259 4917.617676
 333         "f-ay"   51  6664.022461 608.089600 1106.187378
 334      "er-n+uw"   20  2367.067383 5914.581055 1300.286133
 335       "w-ay+d"  186  552.533813 608.089600 1106.187378
 336      "k-er+ch"   59  1464.439331 1916.899414 3205.063965
 337         "w+ah"  426  5868.064941 2371.153564 751.813599
 338         "w+ao"   73  475.090363 2371.153564 2660.111328
 339         "w+ay"  200  2575.036377 2371.153564 2660.111328
 340         "w+uh"   80  5868.064941 2371.153564 2660.111328
 341      "ah-z+aa"  319  638.309753 1983.923096 1248.721802
 342       "ow-n+d"    2  1264.552856 2382.520752 2724.497559
 343       "ow-n+l"  137  1264.552856 2382.520752 4917.617676
 344      "ey-z+er"   63  1151.124512 2941.896729 409.459961
 345       "l-ow+r"   15  1673.889038 3242.830566 226.456970
 346         "w-uw"  374  2352.562500 1671.895142 1075.170776
 347      "w-eh+dh"   27  641.733154 921.662048 2149.231445
 348      "ay-t+en"   15  1032.662964 855.259827 3312.077393
 349       "ow-r+d"  319  2129.074463 1602.309570 2201.149902
 350       "ow-r+m"   41  2129.074463 1602.309570 464.376892
 351       "ow-t+d"   47  1032.662964 3359.508301 357.191193
 352        "sh-iy"  126  206.332672 397.878845 2674.654785
 353       "z-p+ey"   26  1727.998779 1350.313599 203.271393
 354        "ow-hh"   12  3305.558594 1713.203491 343.990784
 355      "th-ih+k"   12  654.302246 3955.677734 2496.679443
 356      "th-ih+n"   20  654.302246 3955.677734 2351.364258
 357         "uw-d"   27  1085.366821 855.506897 161.974503
 358         "uw-m"   18  194.595535 1496.667603 1531.488770
 359         "uw-r"    2  2129.074463 1602.309570 4066.549072
 360         "uw-t"   39  1032.662964 3359.508301 3221.564697
 361         "uw-z"  215  636.663696 2941.896729 1705.326904
 362      "r-ah+dh"  174  1932.982178 1417.348389 1890.664307
 363      "ey-r+eh"  249  675.836975 710.957458 1012.611572
 364      "eh-ng+k"    4  673.802856 1750.234375 704.172485
 365       "uw-m+d"   10  194.595535 1496.667603 3273.868408
 366         "eh+m"   56  976.427490 1706.847534 1275.850586
 367         "eh-r"   73  675.836975 710.957458 4066.549072
 368         "eh-t"  102  918.250977 902.122192 3221.564697
 369          "r-m"   17  166.416855 1340.074707 1531.488770
 370         "g+ow"  143  1889.491943 1452.972290 309.616058
 371          "sil" 4116  23101.093750 26426.085938 108588.203125
 372       "g-uh+d"   32  584.850037 1011.983826 134.959869
 373       "g-uh+l"    1  584.850037 205.834930 134.959869
 374         "g-ey"   11  402.809296 2929.999023 2030.887207
 375         "g-ow"   98  1117.847412 3242.830566 1391.346680
 376         "g-uw"   11  2352.562500 163.984680 1075.170776
 377        "iy+ch"   74  1408.267456 1579.936646 653.347351
 378         "er-m"   11  2160.951904 1340.074707 1531.488770
 379      "s-ih+ng"   30  654.302246 493.808075 854.757568
 380       "b-ae+n"   17  1445.007690 1307.215942 2645.854248
 381       "v-ow+r"    1  1673.889038  78.215141 1212.824219
 382       "b-ah+l"    9  402.186157 2244.797607 1890.664307
 383       "b-ah+r"    4  1258.573608 2244.797607 1890.664307
 384         "ey-d"   41  401.838654 1538.056641 2671.776123
 385         "ey-n"   73  1731.482300 5914.581055 876.987732
 386         "ey-t"   52  1441.907104 3359.508301 3221.564697
 387      "jh-uw+n"    1  2309.562988 163.984680 1075.170776
 388       "f-ih+f"   11  654.302246 3955.677734 1497.949463
 389      "sh-ae+l"    7  787.956543 602.193481 656.914551
 390      "sh-ae+n"    1  787.956543 602.193481 1288.211426
 391       "b-iy+r"   14  947.498535 1335.942871 617.853516
 392      "ah-s+ax"   19  621.952576 2229.376221 2219.254395
 393      "ch-eh+r"    1  543.389465 1706.847534 2149.231445
 394        "ae+ng"   53  2395.442383 2903.999756 1288.211426
 395       "m-uh+m"   45  584.850037 205.834930 1309.971436
 396      "ay-m+aa"   38  695.691528 1340.074707 3273.868408
 397       "m-w+ah"    7  250.328186 2371.153564 751.813599
 398       "m-w+er"    2  250.328186 2371.153564 2660.111328
 399      "jh-eh+k"   46  703.912598 1706.847534 1795.357056
 400      "jh-eh+n"   34  703.912598 1706.847534 1275.850586
 401       "d-iy+r"   44  1408.267456 1579.936646 617.853516
 402      "sh-iy+f"    2  206.332672 397.878845 5110.965820
 403      "sh-iy+n"    2  206.332672 397.878845 2310.427246
 404      "ng-ow+z"   10  1117.847412 107.531914 618.023376
 405       "l-s+ow"  180  4231.216797 637.894409 996.361694
 406       "f-ah+n"   31  1502.805054 360.137238 1259.352051
 407       "f-ah+s"    1  1502.805054 360.137238 374.349274
 408       "d-ao+g"   31  172.530243 567.774780 416.236176
 409      "uh-m+iy"    1  1079.998291 1496.667603 992.636475
 410       "b-ax+f"   64  435.413513 369.098083 1649.033325
 411       "b-ax+g"   58  435.413513 369.098083 732.967407
 412      "aa-p+ax"   80  168.833496 847.024597 1727.269653
 413       "ey-d+r"    7  401.838654 1538.056641 1472.915894
 414       "f-iy+r"    7  471.628418 1335.942871 617.853516
 415       "g-er+k"   30  1464.439331 1916.899414 1133.607666
 416       "b-l+uw"   33  2763.496582 2302.080322 628.247192
 417       "d-ax+l"   18  804.895935 1361.652588 1649.033325
 418       "d-ax+r"    7  804.895935 1361.652588 1643.780273
 419         "y+eh"   26  888.979309 1063.175537  86.464279
 420      "sh-ay+n"   12  696.968933 1740.347168 857.816833
 421       "g-ey+m"   69  402.809296 2929.999023 741.126282
 422       "g-ey+t"   13  402.809296 2929.999023 1656.584839
 423      "g-ow+ih"   66  1117.847412 3242.830566 1212.824219
 424       "ao-n+g"   13  2367.067383 123.029015 4917.617676
 425      "aw-n+iy"    1  698.002563 1317.635132 1300.286133
 426      "iy-z+ax"   77  636.663696 2941.896729 1368.749878
 427       "ae-b+z"   49  2462.791504 3759.827881 601.728455
 428       "l-ah+s"   44  1932.982178 1417.348389 374.349274
 429      "ah-t+en"  171  1032.662964 956.294373 1049.647095
 430      "ey-t+er"   56  1441.907104 3359.508301 3312.077393
 431       "iy-l+d"   44  735.165649 1934.178467 1357.706909
 432       "n-ah+t"  411  1932.982178 1417.348389 1259.352051
 433       "k-ey+r"    8  402.809296 2929.999023 247.378479
 434       "iy-n+d"   57  1264.552856 2382.520752 3458.623047
 435       "ae-k+b"   66  3632.106445 2388.098145 225.732422
 436       "r-ih+g"   12  1263.047974 1537.269165 457.067352
 437       "l-t+ax"   54  1008.364380 855.259827 1596.565430
 438      "hh-uw+m"   41  1277.976929 163.984680 581.447754
 439      "iy-r+aa"  122  675.836975 330.281738 1041.727905
 440       "ae-n+d"  761  2263.578613 5914.581055 2724.497559
 441       "iy-s+m"    5  701.928345 2591.444336 996.361694
 442         "ow+l"   50  1117.847412 713.901428 1391.346680
 443       "iy-t+s"  443  1441.907104 902.122192 3221.564697
 444     "th-ih+ng"  100  654.302246 3955.677734 854.757568
 445         "oy-n"    3  2367.067383 1213.265259 876.987732
 446       "ae-s+k"   37  621.952576 2229.376221 996.361694
 447       "ae-s+t"  170  621.952576 2229.376221 3493.317139
 448       "ae-t+s"  257  918.250977 398.885681 3221.564697
 449       "l-ay+m"   45  604.828613 1740.347168 1098.369995
 450      "t-hh+ih"  616  3305.558594 1348.461304 7424.333496
 451      "hh-eh+b"    5  253.769806 1706.847534 1795.357056
 452      "hh-eh+d"   73  253.769806 1706.847534 2149.231445
 453      "hh-eh+n"    6  253.769806 1706.847534 1395.162109
 454      "sh-m+ih"    1  166.416855 1496.667603 992.636475
 455       "ah-g+d"    6  168.346924 1452.972290 1104.386353
 456       "r-iy+b"  123  689.750549 1046.292603 2310.427246
 457       "r-iy+k"   48  689.750549 1046.292603 5110.965820
 458        "hh+ah"   68  3305.558594 1713.203491 7424.333496
 459        "hh+uw"   58  3305.558594 1713.203491 846.485046
 460       "t-ah+d"   16  434.359344 1417.348389 1890.664307
 461       "oy-n+t"    4  2367.067383 1317.635132 876.987732
 462        "hh-er"  107  402.386444 1916.899414 3205.063965
 463        "hh-iy"  342  781.706299 882.137085 2674.654785
 464      "hh-er+d"   18  402.386444 1916.899414 1133.607666
 465      "hh-er+r"   12  402.386444 1916.899414 2507.185303
 466       "ah-l+t"   22  124.432938 1934.178467 2916.887451
 467       "r-t+uw"    3  1008.364380 3359.508301 294.147308
 468      "ow-r+ih"   34  2129.074463 107.344238 261.404327
 469       "ah-m+b"   98  1097.444092 1340.074707 3273.868408
 470       "w-eh+b"   13  641.733154 921.662048 1795.357056
 471       "w-eh+n"  139  641.733154 921.662048 1395.162109
 472       "ah-n+d"   58  2367.067383 2158.603516 2724.497559
 473       "ah-n+f"  335  2367.067383 2158.603516 4917.617676
 474         "r-iy"  276  689.750549 1046.292603 1989.491943
 475      "ax-k+ey"   11  855.274780 945.201965 1187.885864
 476       "ah-v+d"  253  355.228058 589.307617 1797.773682
 477        "ng-iy"    2  1408.267456 882.137085 2674.654785
 478       "g-ow+n"    5  1117.847412 3242.830566 427.239227
 479      "iy-s+iy"    1  701.928345 2591.444336 2219.254395
 480     "ow-ih+ng"   53  2701.112305 156.509338 256.762970
 481       "t-ax+b"  129  804.895935 957.600891 732.967407
 482       "t-ax+n"   21  804.895935 957.600891 109.496262
 483      "b-uh+sh"   38  584.850037 1011.983826 179.483429
 484      "aa-r+ax"    7  2129.074463 107.344238 2477.692627
 485      "aa-r+ch"  285  2129.074463 1602.309570 2477.692627
 486      "ay-eh+n"  246  641.733154 1706.847534 1275.850586
 487      "er-r+ih"   28  1824.382324 710.957458 1012.611572
 488       "z-ae+g"  149  1445.007690 602.193481 656.914551
 489       "z-ah+l"    2  745.175659 2244.797607 505.735046
 490       "eh-s+f"   13  701.928345 2229.376221 996.361694
 491       "eh-s+l"    3  701.928345 2591.444336 3493.317139
 492       "eh-t+r"   21  918.250977 902.122192 3312.077393
 493       "l-m+ae"    2  194.595535 1340.074707 3273.868408
 494       "z-iy+z"   23  471.628418 1579.936646 2310.427246
 495      "ow-b+ey"   36  2462.791504 3759.827881 583.781860
 496      "ax-t+eh"    2  1032.662964 3359.508301 1463.139282
 497       "ih-l+t"    2  124.432938 1934.178467 1357.706909
 498      "iy-ae+n"   11  1445.007690 808.503845 2645.854248
 499      "g-eh+dh"    9  703.912598 1706.847534 631.383179
 500        "r-m+d"   24  166.416855 1340.074707 3273.868408
 501       "aa-n+d"    6  2367.067383 1213.265259 2724.497559
 502       "aa-n+s"   54  2367.067383 1317.635132 4917.617676
 503      "ih-z+ah"  377  1151.124512 2941.896729 1368.749878
 504      "ax-l+uw"    8  2763.496582 1934.178467 628.247192
 505         "ih-g"   52  792.543884 1452.972290 1104.386353
 506         "ih-r"    6  675.836975 2983.277100 4066.549072
 507       "k-r+ow"   15  2129.074463 2983.277100 135.725708
 508      "ey-n+ih"    2  1731.482300 935.785034 876.987732
 509         "k-ay"   17  337.862854 1740.347168 1719.607788
 510      "s-ah+ch"    3  6073.640625 360.137238 505.735046
 511         "k-iy"   39  1408.267456 397.878845 2674.654785
 512         "k-uw"    1  2646.993164 163.984680 581.447754
 513         "ae+f"   47  2395.442383 2903.999756 1442.967773
 514         "ae+n"  739  2395.442383 2903.999756 2645.854248
 515         "ae-z"  106  161.626129 238.624435 1705.326904
 516      "ax-d+aa"   16  1085.366821 1538.056641 2565.661133
 517         "ah-m"  139  1097.444092 1340.074707 577.404297
 518        "dh+eh"  405  2902.997559 2389.916992 1713.541870
 519      "iy-l+uw"    6  735.165649 1934.178467 628.247192
 520        "dh-ah" 1280  6073.640625 2244.797607 2982.444580
 521      "er-k+ax"   13  3632.106445 2388.098145 266.538452
